0.000000 0.00
0.010101 0.07
0.020202 0.29
0.030303 0.66
0.040404 1.17
0.050505 1.83
0.060606 2.63
0.070707 3.56
0.080808 4.63
0.090909 5.83
0.101010 7.15
0.111111 8.61
0.121212 10.17
0.131313 11.86
0.141414 13.65
0.151515 15.55
0.161616 17.55
0.171717 19.65
0.181818 21.84
0.191919 24.12
0.202020 26.48
0.212121 28.92
0.222222 31.44
0.232323 34.02
0.242424 36.68
0.252525 39.40
0.262626 42.17
0.272727 45.01
0.282828 47.89
0.292929 50.83
0.303030 53.81
0.313131 56.83
0.323232 59.90
0.333333 63.00
0.343434 66.14
0.353535 69.31
0.363636 72.51
0.373737 75.74
0.383838 78.99
0.393939 82.27
0.404040 85.57
0.414141 88.89
0.424242 92.34
0.434343 96.44
0.444445 101.07
0.454546 104.43
0.464647 155.18
0.474748 155.18
0.484849 155.18
0.494950 155.18
0.505051 155.18
0.515152 155.18
0.525253 155.18
0.535354 155.18
0.545455 104.43
0.555556 101.07
0.565657 96.44
0.575757 92.34
0.585858 88.89
0.595959 85.57
0.606060 82.27
0.616162 78.99
0.626263 75.74
0.636364 72.51
0.646465 69.31
0.656566 66.14
0.666667 63.00
0.676768 59.90
0.686869 56.83
0.696970 53.81
0.707071 50.83
0.717172 47.89
0.727273 45.01
0.737374 42.17
0.747475 39.40
0.757576 36.68
0.767677 34.02
0.777778 31.44
0.787879 28.92
0.797980 26.48
0.808081 24.12
0.818182 21.84
0.828283 19.65
0.838384 17.55
0.848485 15.55
0.858586 13.65
0.868687 11.86
0.878788 10.17
0.888889 8.61
0.898990 7.15
0.909091 5.83
0.919192 4.63
0.929293 3.56
0.939394 2.63
0.949495 1.83
0.959596 1.17
0.969697 0.66
0.979798 0.29
0.989899 0.07
1.000000 0.00
