0	0	0	0	0	0	0	0
0.01	0.1	0.01	0.09	0.01	0.1	0.01	0.07
0.02	0.38	0.02	0.37	0.02	0.38	0.02	0.29
0.03	0.86	0.03	0.83	0.03	0.86	0.03	0.66
0.04	1.53	0.04	1.48	0.04	1.53	0.04	1.17
0.05	2.38	0.05	2.31	0.05	2.38	0.05	1.83
0.06	3.42	0.06	3.32	0.06	3.4	0.06	2.62
0.07	4.63	0.07	4.51	0.07	4.6	0.07	3.56
0.08	6.03	0.08	5.87	0.08	5.97	0.08	4.64
0.09	7.59	0.09	7.4	0.09	7.49	0.09	5.85
0.1	9.33	0.1	9.11	0.1	9.16	0.1	7.2
0.11	11.22	0.11	10.97	0.11	10.98	0.11	8.67
0.12	13.27	0.12	13	0.12	12.92	0.12	10.27
0.13	15.46	0.13	15.18	0.13	14.99	0.13	11.99
0.14	17.8	0.14	17.51	0.14	17.18	0.14	13.82
0.15	20.27	0.15	19.99	0.15	19.47	0.15	15.74
0.16	22.87	0.16	22.6	0.16	21.85	0.16	17.73
0.17	25.58	0.17	25.35	0.17	24.32	0.17	19.76
0.18	28.4	0.18	28.23	0.18	26.87	0.18	21.81
0.19	31.32	0.19	31.22	0.19	29.49	0.19	23.84
0.2	34.34	0.2	34.33	0.2	32.17	0.2	25.85
0.21	37.43	0.21	37.55	0.21	34.91	0.21	27.84
0.22	40.6	0.22	40.87	0.22	37.68	0.22	29.83
0.23	43.83	0.23	44.28	0.23	40.5	0.23	31.84
0.24	47.12	0.24	47.78	0.24	43.35	0.24	33.87
0.25	50.47	0.25	51.35	0.25	46.22	0.25	35.95
0.26	53.86	0.26	55	0.26	49.1	0.26	38.07
0.27	57.31	0.27	58.71	0.27	52	0.27	40.21
0.28	60.76	0.28	62.48	0.28	54.91	0.28	42.33
0.29	64.19	0.29	66.3	0.29	57.82	0.29	44.35
0.3	67.54	0.3	70.17	0.3	60.72	0.3	46.22
0.31	70.76	0.31	74.06	0.31	63.62	0.31	47.86
0.32	73.82	0.32	77.99	0.32	66.51	0.32	49.27
0.33	76.68	0.33	81.91	0.33	69.38	0.33	50.45
0.34	79.35	0.34	84.86	0.34	72.23	0.34	51.42
0.35	81.81	0.35	86.13	0.35	75.06	0.35	52.24
0.36	84.08	0.36	86.28	0.36	77.87	0.36	52.91
0.37	86.17	0.37	85.95	0.37	80.65	0.37	53.49
0.38	88.1	0.38	85.56	0.38	83.4	0.38	53.98
0.39	89.89	0.39	85.34	0.39	86.12	0.39	54.41
0.4	91.52	0.4	85.39	0.4	88.81	0.4	54.8
0.41	93.02	0.41	85.71	0.41	91.47	0.41	55.14
0.42	94.38	0.42	86.24	0.42	94.09	0.42	55.44
0.43	95.64	0.43	86.92	0.43	97.11	0.43	55.71
0.44	96.77	0.44	87.63	0.44	100.84	0.44	55.95
0.45	97.74	0.45	88.28	0.45	124.89	0.45	56.15
0.46	98.53	0.46	88.8	0.46	124.89	0.46	56.32
0.47	99.15	0.47	89.18	0.47	124.89	0.47	56.46
0.48	99.6	0.48	89.44	0.48	124.89	0.48	56.55
0.49	99.86	0.49	89.59	0.49	124.89	0.49	56.61
0.5	99.95	0.5	89.64	0.5	124.89	0.5	56.63
0.51	99.86	0.51	89.59	0.51	124.89	0.51	56.61
0.52	99.6	0.52	89.44	0.52	124.89	0.52	56.55
0.53	99.15	0.53	89.18	0.53	124.89	0.53	56.46
0.54	98.53	0.54	88.8	0.54	124.89	0.54	56.32
0.55	97.74	0.55	88.28	0.55	124.89	0.55	56.15
0.56	96.77	0.56	87.63	0.56	100.84	0.56	55.95
0.57	95.64	0.57	86.92	0.57	97.11	0.57	55.71
0.58	94.38	0.58	86.24	0.58	94.09	0.58	55.44
0.59	93.02	0.59	85.71	0.59	91.47	0.59	55.14
0.6	91.52	0.6	85.39	0.6	88.81	0.6	54.8
0.61	89.89	0.61	85.34	0.61	86.12	0.61	54.41
0.62	88.1	0.62	85.56	0.62	83.4	0.62	53.98
0.63	86.17	0.63	85.95	0.63	80.65	0.63	53.49
0.64	84.08	0.64	86.28	0.64	77.87	0.64	52.91
0.65	81.81	0.65	86.13	0.65	75.06	0.65	52.24
0.66	79.35	0.66	84.86	0.66	72.23	0.66	51.42
0.67	76.68	0.67	81.91	0.67	69.38	0.67	50.45
0.68	73.82	0.68	77.99	0.68	66.51	0.68	49.27
0.69	70.76	0.69	74.06	0.69	63.62	0.69	47.86
0.7	67.54	0.7	70.17	0.7	60.72	0.7	46.22
0.71	64.19	0.71	66.3	0.71	57.82	0.71	44.35
0.72	60.76	0.72	62.48	0.72	54.91	0.72	42.33
0.73	57.31	0.73	58.71	0.73	52	0.73	40.21
0.74	53.86	0.74	55	0.74	49.1	0.74	38.07
0.75	50.47	0.75	51.35	0.75	46.22	0.75	35.95
0.76	47.12	0.76	47.78	0.76	43.35	0.76	33.87
0.77	43.83	0.77	44.28	0.77	40.5	0.77	31.84
0.78	40.6	0.78	40.87	0.78	37.68	0.78	29.83
0.79	37.43	0.79	37.55	0.79	34.91	0.79	27.84
0.8	34.34	0.8	34.33	0.8	32.17	0.8	25.85
0.81	31.32	0.81	31.22	0.81	29.49	0.81	23.84
0.82	28.4	0.82	28.23	0.82	26.87	0.82	21.81
0.83	25.58	0.83	25.35	0.83	24.32	0.83	19.76
0.84	22.87	0.84	22.6	0.84	21.85	0.84	17.73
0.85	20.27	0.85	19.99	0.85	19.47	0.85	15.74
0.86	17.8	0.86	17.51	0.86	17.18	0.86	13.82
0.87	15.46	0.87	15.18	0.87	14.99	0.87	11.99
0.88	13.27	0.88	13	0.88	12.92	0.88	10.27
0.89	11.22	0.89	10.97	0.89	10.98	0.89	8.67
0.9	9.33	0.9	9.11	0.9	9.16	0.9	7.2
0.91	7.59	0.91	7.4	0.91	7.49	0.91	5.85
0.92	6.03	0.92	5.87	0.92	5.97	0.92	4.64
0.93	4.63	0.93	4.51	0.93	4.6	0.93	3.56
0.94	3.42	0.94	3.32	0.94	3.4	0.94	2.62
0.95	2.38	0.95	2.31	0.95	2.38	0.95	1.83
0.96	1.53	0.96	1.48	0.96	1.53	0.96	1.17
0.97	0.86	0.97	0.83	0.97	0.86	0.97	0.66
0.98	0.38	0.98	0.37	0.98	0.38	0.98	0.29
0.99	0.1	0.99	0.09	0.99	0.1	0.99	0.07
1	0	1	0	1	0	1	0