0.000000 0.00
0.010101 0.22
0.020202 0.88
0.030303 1.95
0.040404 3.44
0.050505 5.31
0.060606 7.55
0.070707 10.13
0.080808 13.02
0.090909 16.21
0.101010 19.66
0.111111 23.36
0.121212 27.27
0.131313 31.38
0.141414 35.67
0.151515 40.12
0.161616 44.71
0.171717 49.42
0.181818 54.24
0.191919 59.16
0.202020 64.16
0.212121 69.32
0.222222 75.11
0.232323 81.49
0.242424 88.26
0.252525 98.05
0.262626 111.96
0.272727 155.18
0.282828 155.18
0.292929 155.18
0.303030 155.18
0.313131 155.18
0.323232 155.18
0.333333 155.18
0.343434 155.18
0.353535 155.18
0.363636 155.18
0.373737 155.18
0.383838 155.18
0.393939 155.18
0.404040 155.18
0.414141 155.18
0.424242 155.18
0.434343 155.18
0.444444 155.18
0.454545 155.18
0.464647 155.18
0.474748 155.18
0.484848 155.18
0.494949 155.18
0.505050 155.18
0.515152 155.18
0.525253 155.18
0.535354 155.18
0.545455 155.18
0.555555 155.18
0.565657 155.18
0.575758 155.18
0.585859 155.18
0.595960 155.18
0.606061 155.18
0.616162 155.18
0.626263 155.18
0.636364 155.18
0.646465 155.18
0.656566 155.18
0.666667 155.18
0.676768 155.18
0.686869 155.18
0.696970 155.18
0.707071 155.18
0.717172 155.18
0.727273 155.18
0.737374 108.81
0.747475 102.48
0.757576 96.22
0.767677 90.01
0.777778 83.88
0.787879 77.83
0.797980 71.88
0.808081 66.03
0.818182 60.31
0.828283 54.72
0.838384 49.29
0.848485 44.03
0.858586 38.96
0.868687 34.10
0.878788 29.48
0.888889 25.11
0.898990 21.01
0.909091 17.22
0.919192 13.75
0.929293 10.62
0.939394 7.87
0.949495 5.50
0.959596 3.54
0.969697 2.00
0.979798 0.89
0.989899 0.22
1.000000 0.00
