0.107143	16.2993296973
0.214286	28.3171228504
0.321429	35.5552487843
0.428571	39.5027461532
0.642857	39.893225271
0.75	38.0398978241
0.857143	35.5427326056
0.964286	32.5957426163
1.071429	29.4064935159
1.178571	26.240174059
1.285714	23.2109096193
1.392857	20.364896184
1.5	17.8390221977
1.6	12.7044732117
2.028571	8.9180201642
2.457143	4.4611808409
2.885714	2.0142925088
3.314286	0.8717223243
3.742857	0.375355492
4.171429	0.1600069926
4.6	0.0761727277
5.028571	0.0216708877
5.457143	0.0064483344
5.885714	0.0174321216
6.314286	0.0129945597
