0.10101		16.3688462744
0.20202		44.7394872404
0.30303		58.6059976607
0.40404		65.2092492847
0.505051		64.1659671501
0.606061		57.1216142045
0.707071		47.5694465422
0.808081		37.7257001834
0.909091		28.7393685039
1.010101		21.4579961647
1.111111		16.1133297768
1.212121		12.3579595159
1.313131		9.4113862522
1.414141		6.9194395209
1.515152		4.8418117684
1.616162		2.9774552507
1.717172		1.1910589288
1.818182		-0.3985419
1.919192		-1.6624925476
2.020202		-2.5836921279
2.121212		-3.1568926407
2.222222		-3.329655437
2.323232		-3.0825531557
2.424242		-2.622861935
2.525253		-2.1686308667
2.626263		-1.7362710939
2.727273		-1.2940692334
2.828283		-0.8800507142
2.929293		-0.5691483118
3.030303		-0.3508672153
3.131313		-0.1869676682
3.232323		-0.0756706166
3.333333		-0.0174961548
3.434343		-0.0008400277
3.535354		0
3.636364		0
3.737374		0
3.838384		0
3.939394		0
4.040404		0
4.141414		0
4.242424		0
4.343434		0
4.444444		0
4.545455		0
4.646465		0
4.747475		0
4.848485		0
4.949495		0
5.050505		0
5.151515		0
5.252525		0
5.353535		0
5.454545		0
5.555556		0
5.656566		0
5.757576		0
5.858586		0
5.959596		0
6.060606		0
6.161616		0
6.262626		0
6.363636		0
6.464646		0
6.565657		0
6.666667		0
6.767677		0
6.868687		0
6.969697		0
7.070707		0
7.171717		0
7.272727		0
7.373737		0
7.474747		0
7.575758		0
7.676768		0
7.777778		0
7.878788		0
7.979798		0
8.080808		0
8.181818		0
8.282828		0
8.383838		0
8.484848		0
8.585859		0
8.686869		0
8.787879		0
8.888889		0
8.989899		0
9.090909		0
9.191919		0
9.292929		0
9.393939		0
9.494949		0
9.59596		0
9.69697		0
9.79798		0
9.89899		0
