0.10101		12.3186581642
0.20202		31.6375816048
0.30303		40.0192520436
0.40404		44.8540552746
0.505051		46.9055898365
0.606061		46.8015886143
0.707071		45.1252596098
0.808081		42.4027372369
0.909091		39.0751302066
1.010101		35.4821257481
1.111111		31.8637183559
1.212121		28.3745555421
1.313131		25.1038156295
1.414141		22.0954583955
1.515152		19.3636990695
1.616162		16.9062000096
1.717172		14.7119304683
1.818182		12.7646687373
1.919192		11.0463978215
2.020202		9.5387415625
2.121212		8.2234146294
2.222222		7.0821869071
2.323232		6.0970895162
2.424242		5.251142339
2.525253		4.5281663066
2.626263		3.9131794437
2.727273		3.3924499649
2.828283		2.953343505
2.929293		2.5844290199
3.030303		2.2751604973
3.131313		2.016388957
3.232323		1.7999773234
3.333333		1.6187424273
3.434343		1.4666671495
3.535354		1.3384471596
3.636364		1.2296158457
3.737374		1.1365300029
3.838384		1.0561352092
3.939394		0.9859630758
4.040404		0.9239616697
4.141414		0.868488594
4.242424		0.8182724673
4.343434		0.7722763883
4.444444		0.7297726068
4.545455		0.6900973854
4.646465		0.6527146811
4.747475		0.617355778
4.848485		0.5837519059
4.949495		0.5516688046
5.050505		0.520998966
5.151515		0.4916362642
5.252525		0.463475933
5.353535		0.4365349298
5.454545		0.4107144216
5.555556		0.3859729266
5.656566		0.3623570025
5.757576		0.3398580033
5.858586		0.3183749314
5.959596		0.2979282979
6.060606		0.2785383573
6.161616		0.260135492
6.262626		0.24271051
6.363636		0.2262235249
6.464646		0.2106681617
6.565657		0.1960060934
6.666667		0.1822271155
6.767677		0.1692948317
6.868687		0.1571137935
6.969697		0.1457063011
7.070707		0.135065325
7.171717		0.1250680371
7.272727		0.1157663911
7.373737		0.1070959985
7.474747		0.0989948654
7.575758		0.0914577785
7.676768		0.0844502333
7.777778		0.0779680006
7.878788		0.071921306
7.979798		0.0663062969
8.080808		0.0611191658
8.181818		0.0563561503
8.282828		0.0519294126
8.383838		0.0477519026
8.484848		0.0439055676
8.585859		0.040387473
8.686869		0.0372220781
8.787879		0.0407075075
8.888889		0.0757249958
8.989899		0.1464000057
9.090909		0.1269669881
9.191919		0.03352284
9.292929		0
9.393939		0
9.494949		0
9.59596		0
9.69697		0
9.79798		0
9.89899		0
